Total FFT bins: 257

MAC bits pattern (first 10000 bins):
Index  MAC_Bits  MAC_1_bit MAC_2_bit
--------------------------------------------------
    0      01      0         1      
    1      01      0         1      
    2      01      0         1      
    3      11      1         1      -> Output (MAC_1)
    4      11      1         1      
    5      10      1         0      -> Output (MAC_2)
    6      10      1         0      
    7      00      0         0      -> Output (MAC_1)
    8      00      0         0      
    9      01      0         1      -> Output (MAC_2)
   10      11      1         1      -> Output (MAC_1)
   11      11      1         1      
   12      11      1         1      
   13      10      1         0      -> Output (MAC_2)
   14      10      1         0      
   15      00      0         0      -> Output (MAC_1)
   16      00      0         0      
   17      01      0         1      -> Output (MAC_2)
   18      01      0         1      
   19      01      0         1      
   20      11      1         1      -> Output (MAC_1)
   21      11      1         1      
   22      10      1         0      -> Output (MAC_2)
   23      10      1         0      
   24      10      1         0      
   25      00      0         0      -> Output (MAC_1)
   26      00      0         0      
   27      00      0         0      
   28      01      0         1      -> Output (MAC_2)
   29      01      0         1      
   30      01      0         1      
   31      11      1         1      -> Output (MAC_1)
   32      11      1         1      
   33      11      1         1      
   34      10      1         0      -> Output (MAC_2)
   35      10      1         0      
   36      10      1         0      
   37      10      1         0      
   38      00      0         0      -> Output (MAC_1)
   39      00      0         0      
   40      00      0         0      
   41      00      0         0      
   42      01      0         1      -> Output (MAC_2)
   43      01      0         1      
   44      01      0         1      
   45      01      0         1      
   46      11      1         1      -> Output (MAC_1)
   47      11      1         1      
   48      11      1         1      
   49      11      1         1      
   50      10      1         0      -> Output (MAC_2)
   51      10      1         0      
   52      10      1         0      
   53      10      1         0      
   54      10      1         0      
   55      00      0         0      -> Output (MAC_1)
   56      00      0         0      
   57      00      0         0      
   58      00      0         0      
   59      00      0         0      
   60      01      0         1      -> Output (MAC_2)
   61      01      0         1      
   62      01      0         1      
   63      01      0         1      
   64      01      0         1      
   65      11      1         1      -> Output (MAC_1)
   66      11      1         1      
   67      11      1         1      
   68      11      1         1      
   69      11      1         1      
   70      10      1         0      -> Output (MAC_2)
   71      10      1         0      
   72      10      1         0      
   73      10      1         0      
   74      10      1         0      
   75      10      1         0      
   76      00      0         0      -> Output (MAC_1)
   77      00      0         0      
   78      00      0         0      
   79      00      0         0      
   80      00      0         0      
   81      00      0         0      
   82      01      0         1      -> Output (MAC_2)
   83      01      0         1      
   84      01      0         1      
   85      01      0         1      
   86      01      0         1      
   87      01      0         1      
   88      01      0         1      
   89      11      1         1      -> Output (MAC_1)
   90      11      1         1      
   91      11      1         1      
   92      11      1         1      
   93      11      1         1      
   94      11      1         1      
   95      11      1         1      
   96      10      1         0      -> Output (MAC_2)
   97      10      1         0      
   98      10      1         0      
   99      10      1         0      
  100      10      1         0      
  101      10      1         0      
  102      10      1         0      
  103      00      0         0      -> Output (MAC_1)
  104      00      0         0      
  105      00      0         0      
  106      00      0         0      
  107      00      0         0      
  108      00      0         0      
  109      00      0         0      
  110      00      0         0      
  111      01      0         1      -> Output (MAC_2)
  112      01      0         1      
  113      01      0         1      
  114      01      0         1      
  115      01      0         1      
  116      01      0         1      
  117      01      0         1      
  118      01      0         1      
  119      01      0         1      
  120      11      1         1      -> Output (MAC_1)
  121      11      1         1      
  122      11      1         1      
  123      11      1         1      
  124      11      1         1      
  125      11      1         1      
  126      11      1         1      
  127      11      1         1      
  128      11      1         1      
  129      10      1         0      -> Output (MAC_2)
  130      10      1         0      
  131      10      1         0      
  132      10      1         0      
  133      10      1         0      
  134      10      1         0      
  135      10      1         0      
  136      10      1         0      
  137      10      1         0      
  138      00      0         0      -> Output (MAC_1)
  139      00      0         0      
  140      00      0         0      
  141      00      0         0      
  142      00      0         0      
  143      00      0         0      
  144      00      0         0      
  145      00      0         0      
  146      00      0         0      
  147      00      0         0      
  148      01      0         1      -> Output (MAC_2)
  149      01      0         1      
  150      01      0         1      
  151      01      0         1      
  152      01      0         1      
  153      01      0         1      
  154      01      0         1      
  155      01      0         1      
  156      01      0         1      
  157      01      0         1      
  158      01      0         1      
  159      11      1         1      -> Output (MAC_1)
  160      11      1         1      
  161      11      1         1      
  162      11      1         1      
  163      11      1         1      
  164      11      1         1      
  165      11      1         1      
  166      11      1         1      
  167      11      1         1      
  168      11      1         1      
  169      11      1         1      
  170      11      1         1      
  171      10      1         0      -> Output (MAC_2)
  172      10      1         0      
  173      10      1         0      
  174      10      1         0      
  175      10      1         0      
  176      10      1         0      
  177      10      1         0      
  178      10      1         0      
  179      10      1         0      
  180      10      1         0      
  181      10      1         0      
  182      10      1         0      
  183      00      0         0      -> Output (MAC_1)
  184      00      0         0      
  185      00      0         0      
  186      00      0         0      
  187      00      0         0      
  188      00      0         0      
  189      00      0         0      
  190      00      0         0      
  191      00      0         0      
  192      00      0         0      
  193      00      0         0      
  194      00      0         0      
  195      00      0         0      
  196      01      0         1      -> Output (MAC_2)
  197      01      0         1      
  198      01      0         1      
  199      01      0         1      
  200      01      0         1      
  201      01      0         1      
  202      01      0         1      
  203      01      0         1      
  204      01      0         1      
  205      01      0         1      
  206      01      0         1      
  207      01      0         1      
  208      01      0         1      
  209      01      0         1      
  210      11      1         1      -> Output (MAC_1)
  211      11      1         1      
  212      11      1         1      
  213      11      1         1      
  214      11      1         1      
  215      11      1         1      
  216      11      1         1      
  217      11      1         1      
  218      11      1         1      
  219      11      1         1      
  220      11      1         1      
  221      11      1         1      
  222      11      1         1      
  223      11      1         1      
  224      10      1         0      -> Output (MAC_2)
  225      10      1         0      
  226      10      1         0      
  227      10      1         0      
  228      10      1         0      
  229      10      1         0      
  230      10      1         0      
  231      10      1         0      
  232      10      1         0      
  233      10      1         0      
  234      10      1         0      
  235      10      1         0      
  236      10      1         0      
  237      10      1         0      
  238      10      1         0      
  239      10      1         0      
  240      00      0         0      -> Output (MAC_1)
  241      00      0         0      
  242      00      0         0      
  243      00      0         0      
  244      00      0         0      
  245      00      0         0      
  246      00      0         0      
  247      00      0         0      
  248      00      0         0      
  249      00      0         0      
  250      00      0         0      
  251      00      0         0      
  252      00      0         0      
  253      00      0         0      
  254      00      0         0      
  255      00      0         0      
  256      01      0         1      -> Output (MAC_2)

Outputs in first 10000 bins: 40
