Total FFT bins: 257

MAC bits pattern (first 10000 bins):
Index  MAC_Bits  MAC_1_bit MAC_2_bit
--------------------------------------------------
    0      01      0         1      
    1      01      0         1      
    2      11      1         1      -> Output (MAC_1)
    3      10      1         0      -> Output (MAC_2)
    4      00      0         0      -> Output (MAC_1)
    5      01      0         1      -> Output (MAC_2)
    6      11      1         1      -> Output (MAC_1)
    7      10      1         0      -> Output (MAC_2)
    8      10      1         0      
    9      00      0         0      -> Output (MAC_1)
   10      01      0         1      -> Output (MAC_2)
   11      11      1         1      -> Output (MAC_1)
   12      10      1         0      -> Output (MAC_2)
   13      10      1         0      
   14      00      0         0      -> Output (MAC_1)
   15      01      0         1      -> Output (MAC_2)
   16      01      0         1      
   17      11      1         1      -> Output (MAC_1)
   18      10      1         0      -> Output (MAC_2)
   19      10      1         0      
   20      00      0         0      -> Output (MAC_1)
   21      01      0         1      -> Output (MAC_2)
   22      01      0         1      
   23      11      1         1      -> Output (MAC_1)
   24      11      1         1      
   25      10      1         0      -> Output (MAC_2)
   26      10      1         0      
   27      00      0         0      -> Output (MAC_1)
   28      00      0         0      
   29      01      0         1      -> Output (MAC_2)
   30      01      0         1      
   31      11      1         1      -> Output (MAC_1)
   32      11      1         1      
   33      10      1         0      -> Output (MAC_2)
   34      10      1         0      
   35      00      0         0      -> Output (MAC_1)
   36      00      0         0      
   37      01      0         1      -> Output (MAC_2)
   38      01      0         1      
   39      11      1         1      -> Output (MAC_1)
   40      11      1         1      
   41      11      1         1      
   42      10      1         0      -> Output (MAC_2)
   43      10      1         0      
   44      00      0         0      -> Output (MAC_1)
   45      00      0         0      
   46      00      0         0      
   47      01      0         1      -> Output (MAC_2)
   48      01      0         1      
   49      01      0         1      
   50      11      1         1      -> Output (MAC_1)
   51      11      1         1      
   52      11      1         1      
   53      10      1         0      -> Output (MAC_2)
   54      10      1         0      
   55      10      1         0      
   56      00      0         0      -> Output (MAC_1)
   57      00      0         0      
   58      00      0         0      
   59      01      0         1      -> Output (MAC_2)
   60      01      0         1      
   61      01      0         1      
   62      11      1         1      -> Output (MAC_1)
   63      11      1         1      
   64      11      1         1      
   65      10      1         0      -> Output (MAC_2)
   66      10      1         0      
   67      10      1         0      
   68      10      1         0      
   69      00      0         0      -> Output (MAC_1)
   70      00      0         0      
   71      00      0         0      
   72      01      0         1      -> Output (MAC_2)
   73      01      0         1      
   74      01      0         1      
   75      01      0         1      
   76      11      1         1      -> Output (MAC_1)
   77      11      1         1      
   78      11      1         1      
   79      11      1         1      
   80      10      1         0      -> Output (MAC_2)
   81      10      1         0      
   82      10      1         0      
   83      10      1         0      
   84      00      0         0      -> Output (MAC_1)
   85      00      0         0      
   86      00      0         0      
   87      00      0         0      
   88      01      0         1      -> Output (MAC_2)
   89      01      0         1      
   90      01      0         1      
   91      01      0         1      
   92      11      1         1      -> Output (MAC_1)
   93      11      1         1      
   94      11      1         1      
   95      11      1         1      
   96      11      1         1      
   97      10      1         0      -> Output (MAC_2)
   98      10      1         0      
   99      10      1         0      
  100      10      1         0      
  101      00      0         0      -> Output (MAC_1)
  102      00      0         0      
  103      00      0         0      
  104      00      0         0      
  105      00      0         0      
  106      01      0         1      -> Output (MAC_2)
  107      01      0         1      
  108      01      0         1      
  109      01      0         1      
  110      01      0         1      
  111      11      1         1      -> Output (MAC_1)
  112      11      1         1      
  113      11      1         1      
  114      11      1         1      
  115      11      1         1      
  116      11      1         1      
  117      10      1         0      -> Output (MAC_2)
  118      10      1         0      
  119      10      1         0      
  120      10      1         0      
  121      10      1         0      
  122      00      0         0      -> Output (MAC_1)
  123      00      0         0      
  124      00      0         0      
  125      00      0         0      
  126      00      0         0      
  127      00      0         0      
  128      01      0         1      -> Output (MAC_2)
  129      01      0         1      
  130      01      0         1      
  131      01      0         1      
  132      01      0         1      
  133      01      0         1      
  134      11      1         1      -> Output (MAC_1)
  135      11      1         1      
  136      11      1         1      
  137      11      1         1      
  138      11      1         1      
  139      11      1         1      
  140      10      1         0      -> Output (MAC_2)
  141      10      1         0      
  142      10      1         0      
  143      10      1         0      
  144      10      1         0      
  145      10      1         0      
  146      00      0         0      -> Output (MAC_1)
  147      00      0         0      
  148      00      0         0      
  149      00      0         0      
  150      00      0         0      
  151      00      0         0      
  152      00      0         0      
  153      01      0         1      -> Output (MAC_2)
  154      01      0         1      
  155      01      0         1      
  156      01      0         1      
  157      01      0         1      
  158      01      0         1      
  159      01      0         1      
  160      11      1         1      -> Output (MAC_1)
  161      11      1         1      
  162      11      1         1      
  163      11      1         1      
  164      11      1         1      
  165      11      1         1      
  166      11      1         1      
  167      10      1         0      -> Output (MAC_2)
  168      10      1         0      
  169      10      1         0      
  170      10      1         0      
  171      10      1         0      
  172      10      1         0      
  173      10      1         0      
  174      00      0         0      -> Output (MAC_1)
  175      00      0         0      
  176      00      0         0      
  177      00      0         0      
  178      00      0         0      
  179      00      0         0      
  180      00      0         0      
  181      00      0         0      
  182      01      0         1      -> Output (MAC_2)
  183      01      0         1      
  184      01      0         1      
  185      01      0         1      
  186      01      0         1      
  187      01      0         1      
  188      01      0         1      
  189      01      0         1      
  190      11      1         1      -> Output (MAC_1)
  191      11      1         1      
  192      11      1         1      
  193      11      1         1      
  194      11      1         1      
  195      11      1         1      
  196      11      1         1      
  197      11      1         1      
  198      11      1         1      
  199      10      1         0      -> Output (MAC_2)
  200      10      1         0      
  201      10      1         0      
  202      10      1         0      
  203      10      1         0      
  204      10      1         0      
  205      10      1         0      
  206      10      1         0      
  207      00      0         0      -> Output (MAC_1)
  208      00      0         0      
  209      00      0         0      
  210      00      0         0      
  211      00      0         0      
  212      00      0         0      
  213      00      0         0      
  214      00      0         0      
  215      00      0         0      
  216      00      0         0      
  217      01      0         1      -> Output (MAC_2)
  218      01      0         1      
  219      01      0         1      
  220      01      0         1      
  221      01      0         1      
  222      01      0         1      
  223      01      0         1      
  224      01      0         1      
  225      01      0         1      
  226      11      1         1      -> Output (MAC_1)
  227      11      1         1      
  228      11      1         1      
  229      11      1         1      
  230      11      1         1      
  231      11      1         1      
  232      11      1         1      
  233      11      1         1      
  234      11      1         1      
  235      11      1         1      
  236      10      1         0      -> Output (MAC_2)
  237      10      1         0      
  238      10      1         0      
  239      10      1         0      
  240      10      1         0      
  241      10      1         0      
  242      10      1         0      
  243      10      1         0      
  244      10      1         0      
  245      10      1         0      
  246      00      0         0      -> Output (MAC_1)
  247      00      0         0      
  248      00      0         0      
  249      00      0         0      
  250      00      0         0      
  251      00      0         0      
  252      00      0         0      
  253      00      0         0      
  254      00      0         0      
  255      00      0         0      
  256      01      0         1      -> Output (MAC_2)

Outputs in first 10000 bins: 64
